[w_0 w_1 ... w_39] = 
	[-1.15793582e-01  7.10902374e+00  2.67462073e+00 -6.45744462e+01
 -2.81845074e+01  2.17658536e+02  1.16936951e+02 -4.13028697e+02
 -2.62541864e+02  4.64199909e+02  3.57282149e+02 -2.88655110e+02
 -3.00498355e+02  7.49773090e+01  1.48145956e+02  9.86797190e+00
 -3.40429061e+01 -7.65234795e+00 -1.45985338e+00 -5.53396128e-01
  1.86437391e+00  4.53977265e-01  5.65314405e-02  9.69407791e-02
 -8.36397903e-02 -1.46452268e-03  1.02812669e-03 -1.37301140e-02
 -5.03505365e-03 -2.62872028e-03  1.43656293e-03  1.08385366e-03
  5.02223439e-04  3.30782203e-04 -1.11968993e-04 -9.61001656e-05
 -1.62210540e-05 -2.46803086e-06  3.43505060e-06  1.39277743e-06]

