[w_0 w_1 ... w_39] = 
	[-1.37730928e-01  7.20011167e+00  3.78940964e+00 -6.54217300e+01
 -2.97538302e+01  2.27998662e+02  1.15015360e+02 -4.41036415e+02
 -2.57986663e+02  4.68833665e+02  3.48980403e+02 -2.08874608e+02
 -2.84712598e+02 -5.19293571e+01  1.31497249e+02  9.01931307e+01
 -2.52221608e+01 -2.59461545e+01 -3.46148449e+00 -2.44292100e+00
  1.78139942e+00  1.03220160e+00  2.20023558e-01  5.10055655e-01
 -1.53982743e-01 -7.15784584e-02  2.70768483e-02 -1.61203786e-02
 -1.01308220e-02 -1.24368070e-02  1.54215458e-03  1.97230898e-03
  6.01516254e-04  1.40507724e-03 -1.34604119e-04 -1.93954562e-04
 -1.06634393e-05 -5.04452632e-05  2.81865346e-06  8.14970835e-06]

